222227777777777777777777777777733333333333333333333333333333333333333333777777377777777337377777777777777777777777777777777777777733333333777777777777
222277777777777777777777777777333333333333333333333333333333333333333333337772277377777777737777777777777777777777777777777777777773333333377777777777
222777777777777777777777773333333333333333333333333333333333333333333333377225957377333333333337777773377777777777777777777773333333333333333333777777
222777777777777777777777733333333333333333333333333333333333331342273333344777887377333333333777773772277722222222222227733373333333333333333337777777
777777777777777777777773333333333333333333333333333333333333333722222227324447294733333333333337722444422444442445428544422333333333333333333337777777
777777777777777777777773333333333333333333333333333333333333724444242273177332455733333333333374454555544455424444445444555273333333333333333333337777
777777777777777777777733333333333333333333333333333333333377244427727333323131115433333333324444444444554442242227272777772247333333333333333333337377
777777777777777777777733333333333333333333333333333333333742227727333337733333317473333332488554444442222777733333333333333333333333333333333333333777
777777777777777777777733333333333333333333333333333333172222277733333777733333331443333334444222727733333333333333333333333333333333333333333333333377
777777777777777777777733333333333333333333333333333331322222733333372227773333333257313773333333333333333333333333333333333333333333333333333333333333
777777777777777777777777333333333333333333333333333313227733333337722422277333333752772333333333333333333333333333333333333333333333333333333333333333
777777777777777777777777333333333333333333333333333317733333333372444424777733331758427773777722422222773333333333333333333333333333333333333333333333
777777777777777777777777733333333333333333333333333333333333333722244422777773333242711333337444555422222227373333333333333333333333333333333333333333
777777777777727722722722733333333333333333333333333333333333337222445444772773337453373333333722454444444222242273333333333333333333333333333333333333
777777777777727727777777777773333333333333333333333333333333332424588242722271172473377333333337222224558444442222273333333333333333333333333333333333
777777777777777777777777777777333333333333333333333333333333372458554242777271174213242227333333772222545458854244442733333333333333333333333333333333
777777777777722722727727727727733333333333333333333333333333772455584254222273424313242242233333332422544454245885544427333333333333333333333333333333
777777777777727722722722722722777333333333333333333333333333748555884455542737552337225244277333333322242224444445544244233333333333333333333333333333
777777777777777777777777777777777733333333333333333333333333255445882854444234553372224424272773333337754772444544445444427333333333333333333333333333
777777777777722722777727727777777777777773373333333333333337245488982855454225823372222224427777333333337274444542554585542733333333333333333333333333
777777777777727722777727722722727727727723727333333333333337488855854855552748877372442252442227733333333377222242444554544273333333333333333333333333
777777777777777777777777777777777777377373333333333333333337485558955544554248233372227245242222773333333333333722244442445547333333333333333333333333
777777777777777777727777777777777777773377773333333333333337455558948854445458333332227745444227777333333333333333774242254554713333333331133333333333
777777777777722722727722777727722727727722727727327333333337488999945855544242333337227245824427777333333333333333333333377272713333111111113333333333
777777777777777777777777777773777777377337373377373333333333258988948555544453333313227255554542777733333333113111333333333333333331111111133333333333
777777777777777777777733333333333333333333333333333333333333488589945854245873333333277242454452222273111111111111111133333311111111111111111333333333
777777777777737333333333333333333333333333333333333333333333455589845585754433333333722227245454222273111111111111111111111111111111111111111133333333
777777777333333333333333333333333333333333333333333333333333355588545582524333333333324272224224444242311111111111111111111111111111111111111333333333
777777733333333333333333333333333333333331333333333333333333175888558523552131131133332224442542427727731111111111111111111111111111111111111333333333
777777333333333333333333333373333331111111111111137722227773114855588217283333111111113222424582442277731111111111111111111111111111111111111133333333
777773333333333333333333333333333111111111111111131137227222777455452372423331111111111722222245455442731111111111111111111111111111111111111133333333
777773333333333333333333333333311111111111113313333333337224454255571144533111111111111172222245444422231111111111111111111111111111111111111113333333
777333333333333333333333333333111111111111133333333333113377455422411758413311111111111113727225555542271111111111111111111111111111111111111133333333
773333333333333333333333333333333131133311133333331133377777372482273245313111111111111111177724584542771111111111111111111111111111111311113333333333
333333333333333333333333333313111333333333333133724258888855227244588842313111111111111111113744445554271111111111111111111111111113333333333333333333
333333333333333333333333333113313333333333333245588858854233311134559684777111111111111111111372224545521111111111111111111111111333333333333333333333
333333333333333333333311111113333333333333245855855442311111333334444825522227311111111111113113724554521111111111111113333333777777777333333333333333
33333333333333333333311111113333333333332588885444231111111133337557 335682258542773111111111111117454441111111111111112444444444444444733333333333333
333333333333333333311111111133333333332458854557331111111111117485871374499234544588522731111111111372441111111111111112224444444444444233333333333333
333333333333333333111111111113333333748555552311111111111111174584531372178952745244588554231111111111321111111111111112444444444444444233333333333333
333333333333333331111111111111113337455554731111111111111111345424713773117895255442372224554277731111111111111111111112444444444444444233333333333333
333333333333333333111111111111111125852731111111111111111113242258311723133389545998733377245855544273111111111111111112444444444444444233333333333333
333333333333333331111111111111111242731111111111111111111117452252111373337374947458885473777225555554473111111111111112444444444444444233333333333331
333333333333333111111111111111113711111111111111111111113332523311111111113777592724854423377772258558855427311111111312444444444545555233333333333331
333333333333333111111111111111111111111111111111111111137433311111111111111111795287745444442224222458855545547311333332222224222222224233333333333111
333333333333331111111111111111111111111111111111111137247733311111111111111111135995124448999996954224588888888547333333333333333333333333333333333333
333333333333331111111111111111111111111111111111113224473733111111111111111111111465744424589996699952224559888585231133333333333333333333333333333333
333333333333331111111111111111111111111111111111377724777733111111111111111111111388599422555899999666954424455555554313333333333333333333333133111111
333333333333333111111111111111111111111111111113722254727773311111111111111111313379586982445458899996668544445888558527333333333333333333313131111111
333333333333333111111111111111111111111111111132222442227773333331111331113333333339849698224455489999666984444455555584233333333333333333311111111111
333333333333331111111111111111111111111111111724222472427773333333311133333333333779977966524448855899999666544444458885547333333333333333311111111111
333333333333331111111111111111111111111111117222224774442777777777733777337777777778973496695445988558899999982255445888888233333333333333311111111111
333333333333311111111111111111111111111111132222244245544422277227777772772227777737944379669524558888899889968774555455555557333333333333311111111113
333333333333311111111111111111111111111111372722447425554444222422222222222222222772422275899682244455588988999921325544888854733333333333311111111133
333333333333313111111111111111111111111111247224427225554555555555444444244224442584777377772557245454585588888884133244455555573333333333333311111333
333333333333333311111111111111111111111113222224222225885888888885554555455555548952773333333777724454455458888899433332445588552333333333333333333333
333333333333333311111111111111111111113317222244222227888988888988888888858885896547773333333377227244244554888888823337774558885733333333333333333333
333333333333333333111111111111111113333132442227422271788999989999969999988855608427733333333337222172222458458888852337333744588473333333333333333333
333333333333333333311111111111111111113372222422422733178999996989966666998896695242733333333337772213222225445885555237333332558857333333333333333313
333333333333333333311111111111111111333324224424242333337496966666666666999600955277773333337337777273372772454458855527777773724584333333333333333333
333333333333333333333311111131111113331322444224223333333372899996666996600669854227773333777773777773333732244545855582333333333255733333333333333333
733333333333333333333331111111111113331322244222733333333333372244442786066699544222277777777727777273333333722442585585333333333374533333333333333333
773333333333333333333333331111111133333322242443113333333333333333333266069988554222427722277277222243333333322227458555473773333333473333333333333333
777333333333333333333333333133333333333322442223111111111311333333377596999885544244444222222222222223333333333777445885543333333333373333333333333333
777333333333333333333333333333333333333322424233311133111111333337777899999885544444444222222242724473333333333337244445547333333333333333333333333333
777733333333333333333333333333333333333324442113111111111111333333337899998555854555554244442444245433333333333333372224544733333333333333333333333333
777777333333333333333333333333333333333375443131111111111111133333337589985588898885885885544445545233333333333333333724455433333333333333333333333333
777777733333333333333333333333333333333334571111111111111111113333333455858888988888585888855455554333333333333333333372424473333333333333333333333333
777777777333333333333333333333333333333332411111111111111111111333333485858889989888888988888885523333333333333333333333242423333333333333333333333333
777777777733333333333333333333333333333333333111111111111111111133333285888888989888995888855885473333333333333333333333374457333333333333333333333333
777777777773333333377733333333333333333333333111111111111111111333333345589998888899999888858984733333333333333333333333333252333333333333333333333333
777777777777777777377777777777777777777733333333111111111111133333333335889998599899699988888523773333333333333333333333333344333333333333333333337777
777777777777777777777777777777777777777733333333331111111113333333333337598899896999989999952777733333333333333333333333333374333333333333777777777777
277777777777777777777772777777777777777733333333333111111333333333333333324969966969999695277777333333333333333333333333333337377777777777777777777777
222777777777777777777777777777777777777733333333333333333333333333333333337244898998854273777777333333333333333333333333333377777777777777777777777777
222227777777777777777777777777777777777733333333333333333333333333333333333377777777777777777733333333333333333333333333333377777727727722722722722722
222222277777777777777777777777777777777733333333333333333333333333333333333777777777777777773333333333333333333333333333333777777722227727222722722222
222222227777777777777222777777777777777733333333333333333333333333333333333337777777777777333333333333333333333333333333337777777777722722222222222222
222222222227777777722222227777777777777733333333333333333333333333333333333333333333333333333333333333333333333333333333337777777222222222222222222222
222222222222227777722222222277777777777777777377733333333333333333333333333333333333333333333333333333333333333333333333777777777224242222222222244242
222222222222222777777277777777777777777777777777777777777333333333333333333333333333333333333333333333333333333333333377777777777272222222222222222222
442222222222222222777777777777777777777777777777772222227777733333333333333333333333333333333333333333333333333333377777777777777222222222222222222222
444422222222222222222227777777777777777777777777774555557777777773333333333333333333333333333333333333333333333377777777777777722222242242222222242442
444444222222222222222222277777777777777777777777774555557777777777777777777777777777777333333333333333333377777777777777777722222222222222222222242222
444444422222222222222222222277777777777777777777772222227777777777777777777777777777777777777777777777777777777777777777777222222222222222222222222444
444444444222222222222222222222277777777777777777777777777777777777777777777777777777777777777777777777777777777777777777772222222222222222222224444444
444444444442222222222222222222222222222222222222222222222222777777777777777777777777777777777777777777777777777777777722222222222222222224444444444444
444444444444422222222222222222222222222222222222222222222222227777777777777777777777777777777777777777777777777772222222222222222244444444444444444444
555444444444444422222222222222222222222222222222222222222222222222222222777777777777777777777777777777722222222222222222222222222244444444444444444444
555555444444444444444222222222222222222222222222222222222222222222222222222222222222222222222222222222222222222222222222222222244444444444444444444444
555555555544444444444444442222222222222222222222222222222222222222222222222222222222222222222222222222222222222222222222222244444444444444444444444444
555555555555555444444444444444444444444444444444444442242422222222222222222222222222222222222222222222222222222222222244444444444444444444444444445455
555555555555555555444444444444444444444444444444444444444444444444444442422222222222222222222222222222224444444444444444444444444444444444555555555555
888885555555555555555555444444444444444444444444444444444444444444444444444444444444444444444444444444444444444444444444444444444445555555555555555555
888888888555555555555555555555444444444444444444444444444444444444444444444444444444444444444444444444444444444444444444444445555555555555555555555555
888888888888555555555555555555555555555554444444444444444444444444444444444444444444444444444444444444444444444555555555555555555555555555555555588888
888888888888888888555555555555555555555555555555555555555544444444444444444444444444444444444444444444555555555555555555555555555555555555555588888888
888888888888888888888555555555555555555555555555555555555555555554444444444544555555555555555555555555555555555555555555555555555555558888888888888888
988888888888888888888885555555555555555555555555555555555555555555555555555555555555555555555555555555555555555555555555555555555558888888888888888888
999998888888888888888888888888855555555555555555555555555555555555555555555555555555555555555555555555555555555555555888888888888888888888888888888888
999999999988888888888888888888888888555555555555555555555555555555555555555555555555555555555555555555555555555558888888888888888888888888888888888999
999999999999888888888888888888888888888885555555555555555555555555555555555555555555555555555555555555555888888888888888888888888888888888888888999999
999999999999998888888888888888888888888888885555555555555555555555555555555555555555555555555555555885888888888888888888888888888888888888899999999999
999999999999999999888888888888888888888888888888888885555855555555555555558888885588888888888888888888888888888888888888888888888889999999999999999999
999999999999999999999888888888888888888888888888888888888888888888858888888888888888888888888888888888888888888888888888888888899999999999999999999999
