444444444444444444422222222222222222222222222222222222222222222222222222222222222222222777777777777777772222222222222222222222222222222222222222222222
444444444444444422222222222222222222222222222222222222222222222222222242222722222222277777777777777777777722222222222222222222222222222222222222222222
444444444444442222222222222222222222222222222222277777722222222222222445555447722222777777777777777777777722222222222222222222222222222222222222222222
444444444444422222222222222222222222222277777777777777772222222222245558858857222222777777777777777777777722222222222277777222222222222222222222222222
444444444442222222222222222222222222777777777777777777777222222224885748984854547777777777777777777777777772222222222472245422222222222222222222222222
444444442222222222222222222222222777777777777777777777777722227724888899688985442277777777777777777777777772222222272554458555542272222222222222222222
444444442222222222222222222222227777777777777777777777777777777458989999999998555277777777777777777772422777722222725888998888555477222222222222222222
444444422222222222222222222222777777777777777777777777777727777245888548955988544277777777777777772444552242777773748859988999885427222222222222222222
442222222222222222222222222227777777777777777777773322442455472258894348944588547777777777777777732555985584442427777459988999898547222222222222222222
222222222222222222222222222277777777777777777777772254445888444588994775847722277777777777777777733485855855548548843298855999995477227772222222222222
222222222222222224444444222777777777777777777777737485458955458885459524842227777777777777777777777225545855588885995288858448552777722777772222222222
222222222222222224555554777777777777777777777777224585448985889995559945854277777777244277777777777774855952488888995598245477777222277777777777722222
222222222222222224444554777777777777777777777773724455588888589652858985554272244585855844552777773722248995899999588984488527222222277777777777772222
222222222222222224444222777777777777777777777772422444558588558885559888454558888885455589954552325425545955998985588455854277777777777777777777772222
222222222222222222777777777777777777777777773374455888558444484458825865485588558988899599955984345558988858888854884585554437737277777777777777777722
222222222222222222227777777777777777777333333332225585258444888845948844588555559995698888588884332899995599995589885888548522425547727777777777777777
222222222222222222277777777777777333333333333333337455584454499474885224485555899998588889985554117889954898844888585589848954555554552777777777777777
222222222222222222777777777777773333333333333333374552485427259533489424487222588884458548275442337448858885248522452444745589889885444477777777777777
222222222222222227777777777777333333333333333333324555552333744843348532857722455587258524452237337288444258588274842274544599998988448577777777777777
222222222222222277777777777773333333333333333333337774233333722585338832873377288544425927285733333788423495244255274555555585894599854777777777777777
222222222222222277777777777773333333333333333333333333333333332522437572573333742772223827595333333784228847754555277733374852245885527777777777777777
222222222222222277777777777777333333333333333333333333333333333337553222433333333333724453457333333347795734425472333333337571328527277777777777777777
222222222222222277777777777777733333333333333333333333333333333333375255233333333333312582433333333342857255777333333333333333377773377777777777777777
222222222222222227777777777777773333333333333333333333333333333333333288233333333333331788733333333349475523333333333333333333333333333333777777777777
222222222222222222777777777777777333333333333333333333111333333333333178413331313313111178733333333345482333333333333333333333333333333333333337777777
222222222222222222227227777777777733333333333333333313311111133333333312831311113311111115473333333788233333333333113111333333333333333333333333377777
222222222242222222222227777777777773333333333333333113311111111111111113541111113311111112833733337857333333331111111111111133333333333333333333333777
222222222222222222222222777777777777733333333333331111111111111111111111787111113313113113821733375833331111111111111111111111113333333333333333333337
222222222222222222222222222727777777773337333333331111111111111111111111145111111333333333423233355313311111111111111111111111111333333333333333333333
222222222242442242242222222722722722722772733333331111111111111111111131115211313273333333452213453131111111111111111111111111111111333333333333333333
222222222222222222227222722777777777777737333333333111111111111111133333317833333473133333798214831311111111111111111111111111111111333333333333333333
222222222222222222222777777777777773333333333333333111111111111111333333333553337523133333389748711111111111111111111111111111111111111333333333333333
222222222222222242222227222777777777333333333333333111111111111111333373333392112943333333358292131111111111111111111111111111111111111133333333333333
222222222222222222222222222777777773333333333333331111111111313133333755733128335923333333149947441111111111111111111111111111111111111111113333333333
222222222222222222222222277777777733333333333333333133311133333333332448273138435833333333129848521111111111111111111111111111111111111111111133333333
222222222222222222222222222777777733333333333333333333333333333333333489424417948841333333789288531111111111111111111111111111111111111111111113333333
2222222222424422222422227227777773333333333333333333333333333333333722598554725959413133334955987111111111111111111111111 1111111111111111111111333333
22222222222222222222222277777777733333333333333333333333333333337224445898888859852452311798895211111111111111 1   11111       11111111111111111333333
222222222222222277777777777777777333333333333333333333333333333337444455995588489559543135848411111111111111                   11111111111111111333333
2222222222222277777777777777777773333333333333333333333333337337444598896688895599885431298431111111111111                     11111111111111111113333
22222222222277777777777777777777333333333333333333333777444745228854899999998988898882338971111111111111111 1                  11111111111111111113333
22222222722222222777777777777333333333333333333333374544455445885895586844969888589847359411111111111111111111                 11111111111111111113333
22222222777777777777777777733333333333333333333337745855558545984898866845998555449531298111111111111111111111111              11111111111111111111333
222222227777777777777777777333333333333333333333745589889985889858985968599859858896738971111111111111111111111111 11          11111111111111111111333
2222222777777777777777777773333333333333333333333744455589888889588589988685998895595592111111111111133111111111111111         11111111111111111111333
2222222277777777777777777773333333333333333333372745545988585499588896988889889985489983331111722113254227331111111111         11111111111111111111333
22222222277777777777777777333333333333333333333724558556985888084998999855869998854899233334445992328855445523311111111        11111111111111111111333
2222222227777777777777777333333333333333333333374555855554425655999886655888999885759973332888998894598888888541111111111      11111111111111111111333
2222222277777777777777777333333333333333333333337545888854244454455589855888558857159833322458899988585898599854311111111      11111111111111111113333
222222222777777777777777333333333333333333333333377255542132458844448982548943773338951132248428943588999999855431 11111111111 11111111111111111113333
222222222777777777777777773333333333333333333333333327331132555827548987425733133378921333375235825889888954885541111111111111111111111111111111113333
222222227777777777777777773333333333333333333333333333311333733724552582745113333375621111333245235882744888884731111111111111111111111111111111111333
222222227777777777777777777773333333333333333333133333311111111113252145752333333378931134884225348522231375337111111111111111111111111111111111111133
222222227777777777777777777777777333333333333331111111111111111111134428541333333328831112599234455733331113111111111111111111111111111111111111111133
222222227777777777777777777777777733333333333331111111111111111113131745871111113349831111388754895711331111111111111111111111111111111111111111111333
222222277777777777777777777722777777777773333111111111111111111111111132941111333349511111144159472775573111111111111111111111111111111111111111111133
222222277777777777777777777744442244244442333111111111111111111111111111493111111359211111122287725558857111111111111111111111111111111111111111111113
222222227777777777777777777722224444442447333111111111111111111111111111154111111389311131145433225554377111111111111111111111111111111111111111111113
222222222777777777777777777722242444444442333311111111111111111111111111138311111789311111358227311371111111111111111111111111111111111111111111111133
222222227777777777777777777242242244444442333331111111111111111111111111114511111798111113494311111111111111111111111111111111111111111111111111111113
222222227777777777777777777222222244224442333333311111111111111111111111113821111265133135571111111111111111111111111111111111111111111111111111111113
222222222777777777777777777722222244444442333333331111111111111111111111111783733492131358111111111111111111111111111111111111111111111111111111111113
222222222227777777777777777722777222277227333333333333111111111111111111111255543592113551111111111111111111111111111111111111111111111111111111111111
222222222222777777777777777777777777733333333333333333333227333111111111111758873967178411111111111111111111111111111111111111111111111111111111111111
222222222222777777777777777777777777733333333333373284222554454731111111111178977993284111111111111111111111111111111111111111111111111111111111111113
222222222222277777777777777777777777333333333377722458554588555523111111111112654994921111111111111111111111111111111111111111111111111111111111111333
222222222222277777777777777777777733333333333372424458954888885552331111111113598999411111111113311772733111111111111111111111111111111111111111111333
222222222222277777777777777777777333333333333772244448898885595227131111111111788994133333331245274554454377111111111111111111111111111111111111111333
222222222222222777777777777777773333333333333745588545899895895737331111111133359693111113242558559558855544277111111111111111111111111111111111133333
222222222222277777777777777777773333333333333324444225855584585584431111111111129641311132555855999958955888845711111111111111111111111111111111133333
222222222222277777777777777777773333333337377733722288545984589545273111111111129673333748882456685599888589855431111111111111111111111111111111333333
222222222227777777777777777777773333333333377333325589558982598445471111111111149933333258584458528855898899988431111111111111111111111111311133333333
222222222222777777777777777777777333333733333324725889855894585882311111111111389833333898498748558559888522547311111111111111111111111111333333333333
222222222222777777777777777777777333333333333248555447485484895557311111111111786533372547444488852242258854888574311111111111111111133333333333333333
222222222222777777777777777777773333333333337248884582488455555331111111111111796233488717885554584527745458999842111111111111113333333333333333333333
222222222222777777777777777777777333333333333372584588555489774311111111111111499733892348454444424584772884888857111111111111133333333333333333333333
222222222227777777777777777777777333333333333373737485544425727111111111111113598312952555273111113557332842853723111111111111133333333333333333333333
222222222227777777777777777777777333333333333333337588888525851133131111113337594178955423111111111333333337271111111117777777777777777777773333333333
2222222222222777777777777777777777333333333333333372224583 7941333111111111332892288531111111111111111111111111111111117722222227272222222273333333333
222222222222227777777777777777777333333333333333333333272231583333331111111334895943311111111111111111111111111111111117772222222222222222273333333333
222222222222222277777777777777777333333333333333333333333324287333111111113375968711111111111111111111111111111111111117222222222222222222273333333333
222222222222222222777777777777777333333333333333333333333333754111111111333345953111111111111111111111111111111111111117222222222222222222223333333333
222222222222222222277777777777777733333333333333333333333333378311131333333759811111111111111111111111111111111111111117222222227222222222223333333333
222222222222222222222777777777777773333333333333333333333333314511333313311489211111111111111111111111111111111111111117272222227222222222773333333333
222222222222222222222222227227777777333333333333333333333333333571333333317865111111111111111111111111111111111111111117277222777772222777773333333333
222222222444422422422222227227777777733333333333333333333333333283337333334993111111111111111111111111113111111111111117772777777772222777227333333333
222222222222222222222227227227777777773333333333333333333333333352172333125941111111111111111111111337724423731111111317277777777777277777773333333333
222222222222222222222222222777777777777733333333333333333333333328175733359833333331111111111113322445555884543331133333333333377777737777773333333333
222222224222422422422222227777777777777777333333333333333333333335228233489233333333333331333311258445854488854423333333333333333333333333333333333333
222222222222222222222222222777777777777777733333333333333333333332859717595333333333333333333331325845855589885842433333333333333333333333333333333333
222222222222222222222222222277777777777777773333333333333333333332885714897333333333333222732473744524245585885885473333333333333333333333333333333333
222222222222242422222222777227227222727727773333333333333333333332884775943333333333372585775854569572455855588985523333333333333333333333333333333333
222222222422222422222222777227227227727777733333333333333333333333485458873333333332554555748888855425445847228984773333333333333333333333333333333333
222222222222222222222222277777777777777777733333333333333333333333788889233333333333458994758884274554422452725577733333333333333333333333333333333333
222222222222222222222222777777777777777777733333333333333333333333348895333333333777472452554455588552772442455544423333333333333333333333333333333333
222222222222222222222227777777777777777777773333333333333333333337375997333333333754841255274448947242774423725555423333333333333333333333333333333333
222222222222222222222227777777777777777777777333333333333333333333325983333333333332943422754222585554333745458855473333333333333333333333333333333333
222222222222222222222777777777777777777777777733333333333333777733348943333333333337417225427745854422333322445542773333333333333333333333333333333333
222222222222222222222777777777777777777777777777333333333337777777348923333333333374317452333374422227333333727777333333333333333333333333333333333333
222222222222222222222227777777777777777777777777777777777777777773758833333333333342742777333333333333333333373333333333333333333333333333333333333337
222222222222222222222222277777777777777777777777777777777777777773759533333333331284273333333333333333333333333333333333333333333333333333333333377777
222222222222222222222222227777777777777777777777777777777777777777289233333333372423333333333333333333333333333333333333333333333333333333333333777777
222222222222222222222222222777777777777777777777777777777777777777489737333333452333333333333333333333333333333333333333333333333333333333333333777777
222222222222222222222222222227777777777777777777777777777777777777488777773724473333333333333333333333333333333333333333333333333333333333333777777777
222222222222222222222222222222777777777777777777777777777777777777494377732547333333333333333333333333333333333333333333333333333333333333337777777777
222222222222222222222222222222277777777777777777777777777777777777482777724233333333333333333333333333333333333333333333333333333333333337777777777777
222222222222222222222222222222277777777777777777777777777777777737482772527333333333333333333333333333333333333333333333333333333333377777777777777777
222222222222222222222222222222777777777777777777777777777777777772557254777773333333333333333333333333333333333333333333333333333333777777777777777777
422222222222222222222222222222222277777777777777777777777777777774544523377733333333333333333333333333333333333333333333333333333333333737777777777777
422222222222222222222222222222222222777777777777777777777777777774444733333333333333333333333333333333333333333333333333333333333337777777377737777777
