222222222222222222222222222222227777777777777777777333333333333333333333333333333333333333333333377777774555527777777777777777777777777777722222222222
222222222222222222222222222222277777777777777777733333333333333333333333333333333333333333333333377777777222277777777777777777777777777777772222222222
222222222222222222222222222222777777777777777777333333333333333333333333333333333333333333333333333333377777777777777733337777777777777777777722222222
222222222222222222222222222227777777777777777333333333333333333333333333333333333333333333333333333333333377777777333333333333777777777777777777222277
222222222424424244242222222222277777777777733333333333333333333333333333333333333333333333333333333333333333333333333333333333337777777777777777777777
222222222424424444242222422222277777777777333333333333333333333133311113333333333333333333333333333333333333333333333333333333337777777777777777777777
222222222222222222222222222277777777777773333333333333333333111111111111111111133331133333333333333333333333333333333333333333333377777777777777777777
222222222444424222242222222777777777777733333333333333333111111111111111111111111111113333333333333333333333333333333333333333333333777777777777777777
222222224244424222242222227777777777777333333333333333311111111111111111111111111111111111113333333333333333333333333333333333333333377777777777777777
222222222222222222222222227777777777773333333333333311111111111111111111111111111111111131333333333333333333333333333333333333333333377777777777777777
222222222424224244442222222222777777773333333333333111111111111111111111111111111111111133333333333333333333333333333333333333333333337777777777777777
222222222224222222222222222272777777733333333333331111111111111111111111111111111111111111333333333333333333333333333333333333333333337777777777777777
222222222222222222222777777777777777773333333333311111111111111111111111111111111111111111113333333333333333333333333333333333333333333777777777777777
222222222424422222222777777777777777737733333333311111111111111111111111111111111111111111113333333333333333333333333333333333333333333777777777777777
222222722222222277777777777777733337348547333333311111111111111111111111111111111111111111111131333333333333333333333333333333333333333777777777777777
777777777777777777777777773333333333754454273333311111111111111111111111111111111111111111111113331333333333333333333333333333333333333777777777777777
777777777777777777777773333333333333427722722773111111111111111111111111111111111111111113331311333333333333333333333333333333333333337777777777777777
777777777277777777773333333333333332227777777272311111111111111111111111111111131113111111131111333333333333333333333333333333333333337777777777777777
777777777277777777333333333333333372277777737777273311111331111111111111111111331348473131133133333333333333333333333333333333333333337777777777777777
777777777277777733333333333333333322733733333333377731131137745547311111111111332448544711113333333333333333333333333333333333333333337777777777777777
777777777777773333333333333333333327377333333333337377333745898988473111111133742722245571333333313333333337777777777777773333333333377777777777777777
777777777777333333333333333333333773333313333333313337774445558888854231111137223777724543113337245573333372222222222222273333333337777777777777777777
777777777777333333333333333333333733333111313113111333377455455855555442311337773337722444724555889064333374222222222222223333333777777777777777777777
777777777773333333333333333111137333331111111111111133337725555555445444473333333333772245554445889666433374222222222222227777777777777777777777777777
777777777773333333333333311111137333131111111111111111137772555455444442423313313337222222222245589666973374444244444442227777777777777777777777777777
777777777777333333333333333311177333111111111111111111133333254455444444733111113372722722222445889999953374444444442442227777777777777777777777777777
777777777777733333333333331111373333111111111111111111113333325555444442331113372733727377722445589999992374222422222222227777777777777777777777777777
777777777777773333333333333111373333111111111111111111111333372555444423311133773133333772724445888899885374222222222222227777777727722222222777777777
77777777777273333333333333333137333111111111 111111111111133377454545233113333333333337777224245589898899774222222227222277777777724599222222222777777
777777777758427333333333333331773333111111111111111111111133377255552333337311333133137773222454588588899477773333333377777777774558965222222222777777
777777777358545473333333333333773333331111111111111111133133377745547333331111111111373773222542888899899877733333333777777772458888982222222222777777
777777777745555454733333333333773333333111111111111111111133337728542333111111111113333777222545588899988877733333333377777245555888852222222222277777
777777777725455544427333333333773333331311111111111111111133337224557111111111113313333777225545588898898827777773377777724555558889842222222222277777
777777777774444444244273333333777333333333111111111111313133337224871111111131113133337772225455588898898847777777773377244445588888422222222222277777
777777777772222244422242333333727333333333331111111111133133377222711111111131133337372774244455588888899847777777733724242445558885222222222222777777
777777777772222222222224273333727737733333333333333113333337337223111111111331333373372774244455888888999843777777372222244455445884222222222777777777
737777777772222277227222222773322777773333333333333133333737777233111111133333333737772724444555988889998823377737222222244555458857222227777777777777
333377777777422227777722772227374227773373333333733333777777774733111333333333337777722744245848888989998873377722227222424455558827222277777777777777
333333777777422227777777777722737427777777733333777737777777722331111313333333332777727242455588889989888833772222727222444555558477777777777777777777
333333337777442227777737777777273242727777777733777777777777247333333333733733372772222454585598588899998477724272222444444555585777777777777777777777
333333333333752227777777777777777745422777777777777277777222423333333333733773772724472545885898899999998737222222222444445558557777777777777777777777
333333333333342227272777777777777334842272277222277777222222523333333337737277772224224558888998999999987322242222422444444558577777777777777777777777
333333333333375222272777777777777233484422442222222222222444527333377777777227222244445888989999999999943222444244444445545584777777777777777777777777
333333333333332422242777777777777727325544444422422442424444577777777727772422244244555889989999999999532244442444445455555547777777777777777777777777
333333333333337542424722227777277277737554444444444444444444577777727222242424444545558999999996999995724444244444455555555277777777777777777777777777
333333333333377755442222222772277277227725555444544444444445527772222222444444455555889999999969999957244444444444555555847777777777777777777777777777
333333333333333374554444422272272222222773255555555444444445447222224444554445555888989999699999998472444444445544455585277777777777777777777777777777
333333333333333337485454444424222222222222332555455444444444242224444444555585888999999966969996952224444555455555585547777777777777777777777777777777
333333333333333373325855554444444224442222273725544444422222245724454558858888999699666666969995772444455555555555852777777777777777777777777777777777
333333333333333337737488885554444444442224222733244444222222245437225888888899996666666666699527244555455554444424444444424222277777772222777777777777
333333333333333333377325888855555444444224242227337222222722724577224558588999996666699998542224445885585554422222224444444455558544272222227777777777
333333333333333333333733258988888555554444444422277244442222772552722444588999999999888542224558888855444427777222222242444445558889994222222777777777
333333333333333333333337777258999988555444444422227224554444222482722445588888855555444455889888855444222777722222222444555858888896994222222777777777
333333333333333333333333777777258999998855555444442277724455885588444555888885888888558888888544222222272227227222442445558888888998422222222277777777
333333333333333333333333333333333724588999888888888555888899988999889996699899999998555545444242222272222222222224444555555588996952222222222277777777
333333333333333333333333333333333333337724455588888885855554444444290000069854444444444422222227222222222422224444555555558888995422222222222227777777
333333333333333333333333333333333333333333333333772444442277244244800000060668542222244422222442424422444244445445558555858898522222222222222277777777
333333333333333333333333333333333333333772444442222277227772244458600600666660698555444544444444444545445555555855555588999852222222222222222277777777
333333333333333333333333333333333337224455544444277722245555554458006600006666669985888555555555445555558858888888888969952272222222222222227777777777
333333333333333333333333333333377725885545545558555888888885855824066606666996699998445899988988888888888899999999999952277222222222222222222222777777
733333333333333333333333337777777255888889888888888855555885888235696669666696669696982772458999999996666666696988542222222222222227222222222222277777
733333333333333333333333337777777728999989699998888888898888857338689667499999696999999847372244555888888885554422222222222277722272222222222222227777
733333333333333333333333337777777777489999669999999998999984233378859697325999669999699999852227777777777222222222222222227222272222222222222222222277
733333333333333333333333337777777777737488966669966669688473333378559683333745966666666695777777777777777722222222222222222222222222222222222222222227
733333333333333333333333337777777777777777244588898554273333333378449653333333772445554273337777777777777777722222222222222222222222222222222222222222
773333333333333333333333337777777773777777733333333333333333333324249643333333333333333333333377777777777777772222422424224242222222222222222222222222
733333333333333333333333337777777773777777773333333333333333333372248923333333333373333333333333333377777777777222422424224222222222222222222222222222
773333333333333333333333333333333333333333333333333333333333333377725877777773773373333337733377737777777777772222222222222222222222222222222222222222
777333333333333333333333333333333333333333333333333333333333333373725877733333333333333333333333777777777777777222422424424244244422222222222222222222
777733333333333333333333333333333333333333333333333333333333333373725533333333333333333333333333777777777777777222222222222242222222222222222222222222
777773333333333333333333333333333333333333333333333333333333333333374473333333333333333333333377777777777777722222222224224222222222222222222222222222
777777333333333333333333333333333333333333333333333333333333333333324433333333333333333333777777777777777722222242224424444244244442424422222222222222
777777733333333333333333333333333333333333333333333333333333333333374233333333373333333377777777777777777222222222224422244442222444422222222222222222
777777777333333333333333333333333333333333333333333333333333333333374277777777777777777777777777777772222222222244444444444444444222222222222222222222
777777777333333333333333333333333333333333333333333333333333333333372777777777777777777777777777772222222222222444444444444444444444222222222222222222
777777777733333333333333333333333333333333333333333333333333333333377777777777777777777777777222222222222222224444444444444444444422222222222222222222
777777777773333333333333333333333333333333333333333333333377777333337777777777777777727722222222222222222444444444444444444444444442222222222222222222
777777777777333333333333333333333333333333333333333333377777777777777777777777222222222222222224444444444444444444444444444444444444444222222222222222
777777777777333333333333333333333333333333333333333337777777777777777722222222222222222444444444444444444444444444444444444444444444444444222222222222
777777777777777777333333333333333333333333333333337777777777772222222222222222224444444444444455555555555555555555554444444444444444444444444422222222
777777777777777773333333333333333333333333333333377777777722222222222224444444444444455555555555555555555555555555555555444444444444444444444444222222
777777777777777777773333333333333333333333333337777777772222222244444444444444444555555555588888888888888888885555555555544444444444444444444442222222
