777777777777777777777777777333333333333333333333333333333333333337377773337773777777777777777777777777777777773337337777777777777777777777777777777777
777777777777777777777777333333333333333333333333333333333337333337777333333777777777777777777777777777777777773333337777777777777777777777777777777777
777777777777777777777333333333333333333333333333333333333377777777777777377777777777777777777777777777777777737333777737333337777777777777777777777777
777777777777777777773333333333333333333333333333333333337777777777773777777777777777777777777777777777777777737773337773333337777777777777777777777777
777777777777777777773333333333333333333333333333333333337777777777777777777777777777777777777777777777777777773773777333333337777777777777777777777777
777777777777777777773333333333333333333333333333333337377777777777777777777777777777777777777777777777777733777777777333333333377777777777777777777777
777777777777777777733333333333333333333333333333337333333372773333372773773777777777277777227722273377777777777777333333333333333777777777777777777777
227727727772277777733333333333333333333333333333332222271117244431135954273325544277482347273324873377311342777333333333333333333333377377777777777777
227247227722277777333333333333333333333333333327333224554473772472232245544374424427857722222374473333373377777737333333333333333333333337777777777777
777222722777777777333333333333333333333333777337311111377495222748954313744777247727277722447727777227747322777733333333333333333333333333377777777777
227222727777777773333333333333333333333333772725452722273377377588888577372222444454242222772227727727323377777333333333333333333333333333333777777777
427427222777777777333333333333333333333333337724458999998847371137725424585277442342242322772244473227722777733333333333333333333333333333333777777777
277427222777777773333333333333333333333333733333332224889999995585424372255888821377242244722454427527273742733333333333333333333333333333333337777777
777777777777777733333333333333333333333333337733733333111372258989699885733325854547273332554737777422227377733333333333333333333333333333333337777777
777777777777777333333333333333333333333333372325585588227331333332448999887333244585854422272312273333742454733333333333333333333333333333333333337777
777777777777773333333333333333333333333333333322722555899999669545472772589995733777772722245772337427227247733333333333333333333333333333333333333337
777777777777333333333333333333333333333333333311111111177724598896985772458966999852777324454727724523777777733333333333333333333333333333333333333377
777777777773333333333333333333333333333333337722244454722277447377224442277777745885588542772724237427222774733333333333333333333333333333333333333337
777777777733333333333333333333333333333333333345455555899969606989686660690955473331324422422477737733777337733333333333333333333333333333333333333333
777777773333333333333333333333333333333333333111111111133727222455858888888889699998855554455527324427773372733333333333333333333333333333333333333333
777777733333333333333333333333333333333333337242242777777271311113337337231117225545885484224211172273377377333333333333333333333333333333333333333333
777777773333333333333333333333133333333333337722488889885885999989999969855555242772227772778572472477222737333333333333333333333333333333333333333333
777777777333333333333333333333311333333333333311133333313332445899999985888888988988888952733332427447773377333333333333333333333333333333333333333333
777777777733333333333333333331111333333337222482242725588985571133724777277242227227737777244224737277373722733333333333333333333333333333333333333333
777777777733333333333333111333111133313337277773333324777772245588888996686000666699885544554544427473273377333333333333333333333333333333333333333333
777777777333333333333333113333111333333317233333333372227489969996688858998884222442273222444733333423333337333333333333333333333333333333333333333333
772222222227333333333333311311131333333311333725589999985988843337717111333333772242224277722727777222224277333333333333333333333333333333333333333333
774444444444333333333333331131111333333333224585442733137311113377244455588899998855545558582727777727777777333333333333333333333333333333333333333333
774444444444333333333333333311111333333337273331133333377113727499966666699844277444882442222274477273337333333333333333333333333333333333333333333333
774444444444333333313333113331331331333337271313377724222224554589988544477732455852731113137774233727777724333333333333333333333333333333333333333333
774554555444311333311131111333111111333333731373337227372588842777733113775555777733372245442377777777377133333333333333333333333333333333333333333333
774444444222311333333111111111311333333313737733337377724427333333332224899855445888855277377222277337374277333333333333333333333333333333333333333333
777777333331333333333113313113311113313333377337737737733333324228889888885444733222271777255422233722272277333333333333333333333333333333333333333333
333333333333333333333313111133111333333337273313374432272724455558545222277333744842737222731137772527733377333333333333333333333333333333333333333333
333333333333333133133111111311113333111111133777473333372222227777277333724888985477255777774552727733372337333333333333333333333333333333333333333333
333333333333111111111331111111131311111113777733113324444273133324545227245527777442273372458527777737777333333333333333333333333333333333333333333333
333333333331111111113111133113111131333333731113274442733377722585274333324258842477772749427733737737733777333333333333333333333333333333333333333333
333333333331311111111111133111111131337773113325427331337742485473113225999884731325844772333772422233777273333333333333333333333333333333333333333333
333333333331111111111111311111131111377313374442311333372724271111748999827733455998571133722273331337777313333333333333333333333333333333333333333333
333333333331111111111311111331111333331317542311377722777247113724889547333445698573113377727311373777311333333333333333333333333333333333333333333333
333333333331111111111111131111111333113772471133345733377731324888572333324552233333374452133377227777722227333333333333333333333333333333333333333333
333333333331311111111111131111333331137277311134442333333117284423333337588857111724554333132273333377333113333333333333333333333333333333333333333333
333333333331111111111111111113331113377711133224733373137325852333722458968231137455843113727313377327132273333333333333333333333333333333333333333333
333333333331111111111111111373311337731111332473113331172598233372422996847377459842311377371133377333177727333333333333333333333333333333333333333333
333333333331111111111111117733311723111113242731337711788523132585732889411372545431132227333324273377377333333333333133133111111131333333333333333333
333333333331111111111111133111337731111337473111342313485731758857325852333255571111332733372777333773377337331111111113113111111111333333333333333333
333333331111111111111111331111333311111772711113242334953137598233245477734995733333227333324733333723333772311111111113111131111111133333333333333333
333333331131111111111111131133333333311727313372273378533325557337484313748853133722233373777333773333377277313111113111111111111111133333333333333333
333333111331111111111113111377333373113723137445333242337255533772223132598571725547333774733377333377327777311111111113111111111131333333333333333333
333333331331111111111111111371333731333733377477377471332854713254373745884333422733332227333373137373377254331111111133131133111111333333333333333333
333333333331111111111111113311337713333333273231722233374547135823337588573324573333372233377733337773377222311111111133311111111111333333333333333333
333331111311111111111111333111333333313337773337273337245211324273348842737452733333777333377333772233727277333111313333311111113331333333333333333333
333331111311111111111111333113731111113333733377772725847333742337755713745471333777231172777333747313377773311113333311111111111111333333333333333333
333333111331111111111111331113311113333333733333372772233377454224277137454233333423331372733732273333727377333333111113111133111111333333333333333333
333333333331111111111111331113311133733113733777777277477772454233372422427333377473333727333377333374733722733113111111111113311333333333333333333333
333333333311111111111111333113331111333333777737227337233725273337448547773377452733722773374233333742333722333311111111111111113331333333333333333333
333333331331111111111133333111313311113333733377772222277733113258842333337454473333773313773333777777777554333333111311111111111333333333333333333333
333333331331111111111113111133311333313333773337777227727372244552227137248857333372273737773377227372473727333333113111111111111111333333333333333333
333333331131111111111111331133337333333333777333333773724225552273337722584273333447733777777777273372273372333333313311311131133333333333333333333333
333333331111111111111111111111333333333333333773333313337722733372455542247377222573337273377777773377377322333333333331113331111111333333333333333333
333331111111111111111111111111333313333337733377777772222373722455542733372255552773377777722777273377258427333333333331331131111111333333333333333333
333311111111111111111111111333333111333333733333133733377745277333333727745584773333724777377337273372277777333333333333333133333333333333333333333333
333311111111111111111111133333113333337333333331133377722777777244455885552273333727222223333332737244233722333313333333333133333333333333333333333377
333311111111111111111111111111113333373333732722742424422244445455427333373377224854423333337732277722772744333333333333311333333333333333333333337777
333111111111111111111111111111111113333333337777777337331331133333133377445588857242733727744337273327745777333333333333333333333333333333333333377777
333111111131111111111111111113111133333333277733377777242452724445555555555544555427777727777774227227377222333333333333333333333333333333333777777777
333111111111111111111111111111111113333333337777727722727254222255552223337777277777777777777777777777777777733333333333333333333333333333777777777777
333311111111111111111111111111131311133113333337777377333333311133333337722227222777777777777777777777777777777333333333333333333333377777777777777777
333331111111111111111111111111333331333333337777777777727745542725888888589998999927777777777777777777777777777777777733373333333737777777777777777777
333331111111111111111111111111111333373333727722742244544555588545558855455444542277777777777777777777777777777777777777777777777777777777777777777777
333333111111111111111111111113113333133111333333333333733277337733373333333313311777777777777777777777777777777777777777777777777777777777777777777777
333333331111111111111111111111133373311311111113333333333313377777722242227245554227777777777777777777777777777777777777777777777777777777777777777777
333333333311111111111111111111111111133777777722724444444222555548999999998898888527777777777777777777777777777777777777777777777777777777777777777777
333333333311111111111111111111111333133113777722222227254455555445454277773727737777777777777777777777777777777777777777777777777777777777777777777272
333333333331111111111111111111111331131111133373333333733333777111333133377777733777777777777772222222722272227222227722277777777777777777777222222222
333333333331111111111111111111111111333333337311333377773337442733722455455545544527777777777772242242744472422242242224427777777777777722222222222222
333333333331111111111111111111111111133333777322222777482242222444244222772737777777777777777777222222222222222222222222222222722222222222222222222222
333333333331111111111111111111111333313333333337333333373373311377333377733772777777777777772222222222222222222222222222222222222222222222222222222222
733333333331111111111111111113111133333333333333377277773337727242222555477222777777777777777222222222222222222222222222222222222222222222222222222222
777333333331311111111111111111311133333333337722777273242727257777722277733222477777777777722222222224242424424422442244222222222222222222222222222222
777333333333333333333333333333333333333333337733333333377777777777777777777777777777777777222222222222222222222442442244222222222222222222222222222222
777773333333333333333333333333333333333333333333333333337777777777777777777777777777777722222222222222222222222224222222222222222222222222222222222244
777777773333333333333333333333333333333333333333333333377777777777777777777777777777777722222222222242222224424244444244224422222222222222222224444444
777777777733333333333333333333333333333333333333333337777777777777777777777777777777777222222222422242244424444454444444244422222222222222222444444444
777777777733333333333333333333333333333333333333333777777777777777777777777777777777772222222222222222244444444444444444444444444424444444444444444444
777777777737777777333333333333333333333333333333333777777777777777777777777777777777722222222222222222444444444444444444444444444444444444444444444444
777777777777777777733333333333333333333333333333337377777777777777777777777777777777222222222222222244444444444444444444444444444444444444444444444444
277777777777777777777777377737733373333733377777777777777777777777777777777777777722222222222224444444244444444444454444444444444444444444444444444444
222777777777777777777777777777777777777777777777777777777777777777777772222222222222222222222222442444444444444444444444444444444444444444444444455555
222227777777777777777777777777777777777777777777777777777777777777772222222222222222222222222222222444444444444444444444444444444444444444444455555555
222222222277777777777777777777777777777777777777777777777777722222222222222222222222222222222222224444444444444444444444444444444444444445555555555555
222222222272222777777777777777777777777777777777777777772222222222222222222222222222222222222244444444444444444444444444444444444555555555555555555555
222222222222222222222222777777777777777777777777777722222222222224444442222222222222222222244444444444444444444444444444444455555555555555555555555555
222222222222222222222222277777777777777777777777777222222222222225555554222222222222222444444444444444444444444444445555555555555555555555555555555555
444422222222222222222222777777777777777727772227227222222222222225555584224442444444444444444444444444444444444445555555555555555555555555555555555555
444444442222222222222222222222222222222222222222222222222222222245555554444444444444444444444444444444554545555555555555555555555555555555555555888888
444444444444422222222222222222222222222222222222222222222222224444444444444444444444444444444444445555555555555555555555555555555555555555555588888888
444444444444444444222222222222222222222222222222222222222222444444444444444444444444444444444455555555555555555555555555555555555555588888888888888888
444444444444444444444422222222222222222222222222222222222244444444444444444444444444444444455555555555555555555555555555555555555888888888888888888888
555544444444444444444444442422222242224424444444444444444444444444444444444444444455555555555555555555555555555555555555555858888888888888888888888888
555555555544444444444444444444444444444444444444444444444444444444445555555555555555555555555555555555555555555555558888888888888888888888888888888889
555555555555555554444444444444444444444444444444444444444444444455555555555555555555555555555555555555555588888888888888888888888888888888888888999999
555555555555555555555444444444444444444444444444444444444555555555555555555555555555555555555555558888888888888888888888888888888888888888888999999999
555555555555555555555555555444444444444444444444455555555555555555555555555555555555555555555888888888888888888888888888888888888888888888999999999999
888555555555555555555555555555555555555555555555555555555555555555555555555555555555888888888888888888888888888888888888888888888888999999999999999999
888888855555555555555555555555555555555555555555555555555555555555555555555558888888888888888888888888888888888888888888888899999999999999999999999999
888888888888555555555555555555555555555555555555555555555555555555555555888888888888888888888888888888888888888888889999999999999999999999999999999999
888888888888888855555555555555555555555555555555555555555555588888888888888888888888888888888888888888888888899999999999999999999999999999999999999999
888888888888888888888555555555555555555555555555555558888888888888888888888888888888888888888888888888899999999999999999999999999999999999999999999999
888888888888888888888888888855555555555555555588888888888888888888888888888888888888888888888888888889999999999999999999999999999999999999999999999999
888888888888888888888888888888888888888888888888888888888888888888888888888888888888888888888888999999999999999999999999999999999999999999999999999666
988888888888888888888888888888888888888888888888888888888888888888888888888888888888888889999999999999999999999999999999999999999999999999999969666666
999888888888888888888888888888888888888888888888888888888888888888888888888888888888899999999999999999999999999999999999999999999999999999669966666666
999999888888888888888888888888888888888888888888888888888888888888888888888888888899999999999999999999999999999999999999999999999999966666666666666666
999999998888888888888888888888888888888888888888888888888888888888888888888899989999999999999999999999999999999999999999999999999666666666666666666666
